$ANSIBLE_VAULT;1.1;AES256
63333938633132643164383235383664373931316364383761663139666232323630636363663663
6539343763633764313130376334653230656132366635630a313261356231306531306533396630
30326138623965323734633637343765313565656333393539306561366562333833313861306438
3561376138313030630a653139643335303131393230383264376565626135333036663636623334
64653130303061303462383233373766653430653565666366346333376137613662316537303035
34663437363134613934626239336639623239356139323334633362316363326464303430306232
64646164323633393565363865383439646531663366623233613233626666333736383437623039
35366465353538616563323938656164376562373538656132656664643831366637623335353638
65653561633137323164623663383530353663313061623931623930633362353433613533643765
64643634303436316361333238613234363433636538613161343730373236353533343765383330
36613032323034353031303563343339616634353035393762666237366638303763306463346136
35363630616336653038653438396262613038616630353461616166333166326466643932333832
36316639393862633762303538323139346562656561346263373438326364356233383564613037
33653337653832396233633665386337393862636362393836666138303839666566353964383939
33323364343363623065363265396336636636376431306433333664613266613239633039363936
62663334363635386135353035356132386262653037666133343063643735663834306334626638
63343437323230646465623532303537303465326263666566373531303831366561
